# lambda = 4.8 um
# Basline       Visbility Dust + Star         Visibility  Star
0	            0.9994315323879266            0.9999968724454624
1	            0.9978280005480945            0.999993744890925
2	            0.9952209815369948            0.9999906173363874
3	            0.9916608931950885            0.9999874897818499
4	            0.9872159367132994            0.9999833114323683
5	            0.9819706751582269            0.9999739289626479
6	            0.9760242785556316            0.9999645464929272
7	            0.9694884731953738            0.9999551640232068
8	            0.9624852390628249            0.9999457815534863
9	            0.9551370666589697            0.9999342976893096
10	            0.9475918242178671            0.999918660886067
11	            0.940002606761372             0.999903024082824
12	            0.932505379524975             0.999887387279581
13	            0.925232182421959             0.9998717504763384
14	            0.9183085005349686            0.9998529620699661
15	            0.9118507924662367            0.9998310719025848
16	            0.905964227855732             0.9998091817352032
17	            0.9007406806261745            0.9997872915678219
18	            0.8962570187772417            0.9997654014004405
19	            0.8926358337439462            0.9997393100074513
20	            0.8898725553183354            0.9997111678329623
21	            0.8879778456343664            0.9996830256584733
22	            0.886954407811654             0.9996548834839842
23	            0.8867869252845215            0.9996267413094952
24	            0.8874426966722111            0.9995933490683938
25	            0.8888726321005265            0.999558956631369
26	            0.8910125858683868            0.9995245641943442
27	            0.8937849932729401            0.9994901717573194
28	            0.897111309713729             0.9994557295198884
29	            0.9008991691020568            0.9994150889523041
30	            0.905008745145914             0.9993744483847199
31	            0.9093293462972708            0.9993338078171354
32	            0.9137487775207485            0.9992931672495512
33	            0.9181558252330132            0.9992514276696943
34	            0.9224426808034636            0.999204541490764
35	            0.926507250324106             0.9991576553118335
36	            0.9302553014064852            0.999110769132903
37	            0.9336024018709662            0.9990638829539725
38	            0.9364430686614819            0.999014849530461
39	            0.9387298941605373            0.998961720646438
40	            0.9404324085371343            0.998908591762415
41	            0.941522704429692             0.9988554628783919
42	            0.9419880741013624            0.9988023339943689
43	            0.9418309752184936            0.9987460108079592
44	            0.9410686550804642            0.9986866425119095
45	            0.9397324466272453            0.9986272742158596
46	            0.9378667567236944            0.9985679059198097
47	            0.9355232750320345            0.99850853762376
48	            0.9327494598613166            0.9984449293367936
49	            0.9296567203224917            0.9983793253083373
50	            0.9263275462047867            0.998313721279881
51	            0.922848388529622             0.9982481172514249
52	            0.9193075426486763            0.9981825132229685
53	            0.91579302523255              0.9981116250789152
54	            0.9123904937394907            0.998039789383939
55	            0.9091812553636421            0.9979679536889628
56	            0.9062404098287017            0.9978961179939867
57	            0.903654142371712             0.9978241830316162
58	            0.901482319309122             0.997746120121955
59	            0.899756482841054             0.9976680572122937
60	            0.898509611422978             0.9975899943026322
61	            0.8977623552381532            0.9975119313929709
62	            0.8975227537446482            0.997432723964296
63	            0.897786254821956             0.9973484386773833
64	            0.8985360306992547            0.9972641533904706
65	            0.8997435790783384            0.9971798681035577
66	            0.9013695914390172            0.9970955828166448
67	            0.9033915163519761            0.9970091095200008
68	            0.9057159118363187            0.9969186070784909
69	            0.9082767960248049            0.996828104636981
70	            0.9110040432779545            0.996737602195471
71	            0.9138245618778055            0.9966470997539614
72	            0.9166641072133714            0.9965533677668363
73	            0.9194490957024672            0.9964566537781951
74	            0.9221083767683154            0.9963599397895543
75	            0.924574921708821             0.9962632258009131
76	            0.9267764561748658            0.9961665118122722
77	            0.9286486547003315            0.9960655288906034
78	            0.9301610311189583            0.9959626093466697
79	            0.9312792390565446            0.9958596898027358
80	            0.9319791663668205            0.995756770258802
81	            0.9322473698572823            0.9956538507148683
82	            0.932081248110983             0.9955456251922818
83	            0.9314889517891187            0.9954365064687971
84	            0.9304890369681847            0.9953273877453122
85	            0.9291098730331725            0.9952182690218274
86	            0.9273675213547019            0.9951090022292288
87	            0.9253319484492063            0.9949936910853391
88	            0.9230613311108734            0.9948783799414495
89	            0.920613971913526             0.9947630687975595
90	            0.9180516855393984            0.9946477576536699
91	            0.9154382411486299            0.9945312595151369
92	            0.9128377783379578            0.9944097630928632
93	            0.9103132347953758            0.9942882666705896
94	            0.9079248230213868            0.9941667702483159
95	            0.9057340884949617            0.9940452738260422
96	            0.9038061890036249            0.9939215540208407
97	            0.9021705874530466            0.9937938798445203
98	            0.9008616605264039            0.9936662056682
99	            0.8999051724424418            0.9935385314918798
100	            0.8993177601417932            0.9934108573155594
101	            0.8991066459347472            0.9932799260976418
102	            0.8992695816636107            0.993146082073339
103	            0.8997950228908008            0.9930122380490362
104	            0.9006625261798086            0.9928783940247334
105	            0.9018596988488624            0.9927445500004305
106	            0.9033357503720915            0.992606418197431
107	            0.9050382869501593            0.992466412612318
108	            0.9069183072438028            0.9923264070272053
109	            0.9089230251803107            0.9921864014420925
110	            0.9109972144776213            0.9920463958569796
111	            0.9130845956190856            0.9919010748691529
112	            0.9151292314385702            0.9917549163908621
113	            0.9170768976630944            0.9916087579125712
114	            0.9188744976271934            0.9914625994342804
115	            0.9204580956268145            0.9913162450791516
116	            0.9217994189856653            0.9911639427550964
117	            0.9228647763253438            0.9910116404310413
118	            0.9236277671287164            0.990859338106986
119	            0.924069837861421             0.9907070357829308
120	            0.9241806403885796            0.9905535073303453
121	            0.9239581864147577            0.9903950705870125
122	            0.9234087966211948            0.9902366338436795
123	            0.9225468480965929            0.9900781971003467
124	            0.9213822502482374            0.9899197603570139
125	            0.9199499467738831            0.9897590705398444
126	            0.9182978147464278            0.9895945091820567
127	            0.9164671835142132            0.9894299478242691
128	            0.9145032782929765            0.9892653864664814
129	            0.9124540578738691            0.9891008251086937
130	            0.9103689997493125            0.9889329872284133
131	            0.9082978626111431            0.9887623114385621
132	            0.9062894563764249            0.9885916356487109
133	            0.904390449377596             0.9884209598588596
134	            0.9026602090269934            0.9882502840690084
135	            0.9011277692119873            0.9880753119943874
136	            0.8998251709244852            0.9878985323316363
137	            0.898778784320071             0.9877217526688851
138	            0.8980082293818729            0.987544973006134
139	            0.897525974466812             0.9873681933433828
140	            0.8973371142168264            0.9871861015091308
141	            0.8974393301310267            0.9870032289085894
142	            0.8978230326716182            0.9868203563080479
143	            0.8984797597422378            0.9866374837075063
144	            0.8993879298397488            0.9864543687404512
145	            0.9005036791077886            0.9862654145123197
146	            0.9017922056550272            0.9860764602841884
147	            0.9032148100492469            0.9858875060560571
148	            0.9047298986334056            0.9856985518279257
149	            0.9062940455456105            0.9855083359783712
150	            0.9078630870220862            0.9853133118070568
151	            0.9093932210868898            0.9851182876357425
152	            0.9108420859047316            0.984923263464428
153	            0.9121586637545188            0.9847282392931137
154	            0.9133104521034566            0.9845309383116115
155	            0.9142683981360366            0.9843298562548136
156	            0.9150066633079491            0.9841287741980156
157	            0.9155051999877943            0.9839276921412176
158	            0.9157501759562988            0.9837266100844195
159	            0.915734241721121             0.9835222402824351
160	            0.9154566359923464            0.9833151127702026
161	            0.9149231286159207            0.98310798525797
162	            0.9141411418120252            0.9829008577457373
163	            0.913120965397176             0.9826937302335049
164	            0.9119030354581302            0.98248230848182
165	            0.9105165011005248            0.9822691483155802
166	            0.9089943283592808            0.9820559881493403
167	            0.9073724373592397            0.9818428279831003
168	            0.9056887775875142            0.9816296678168605
169	            0.9039823644781629            0.981411211543924
170	            0.9022923011742016            0.9811920318954807
171	            0.9006568094166905            0.9809728522470376
172	            0.899119519551898             0.9807536725985945
173	            0.8977145216779104            0.980534205729869
174	            0.8964683608666791            0.9803090201403748
175	            0.8954059343638318            0.9800838345508804
176	            0.8945471963021826            0.9798586489613861
177	            0.8939067253983004            0.9796334633718916
178	            0.8934934297342765            0.9794069845955033
179	            0.8933103941723688            0.979175806974399
180	            0.8933548724398129            0.9789446293532946
181	            0.8936200450976075            0.9787134517321902
182	            0.8941047722081799            0.9784822741110857
183	            0.8947720792309799            0.9782488021508479
184	            0.8955977345745852            0.9780116467747773
185	            0.8965538341719109            0.9777744913987065
186	            0.8976095393994185            0.9775373360226358
187	            0.8987318778126941            0.9773001806465651
188	            0.8998865864370588            0.9770597347779425
189	            0.9010389765648791            0.9768166162896359
190	            0.9021547987395012            0.9765734978013294
191	            0.9031965411982005            0.9763303793130227
192	            0.9041302643627812            0.9760872608247162
193	            0.9049317292156435            0.9758398608729396
194	            0.90557729247919              0.9755907942800705
195	            0.9060475014643412            0.9753417276872013
196	            0.9063275222517039            0.9750926610943322
197	            0.9064074490492892            0.9748435945014631
198	            0.9062824886552324            0.9745892608395912
199	            0.9059530170515334            0.9743342615136035
               
               
