3.162279999999999980e+00 1.491673013674937565e+01
3.314420000000000144e+00 1.363799067185941460e+01
3.473889999999999922e+00 1.259358437563080102e+01
3.641030000000000211e+00 1.151500108389918786e+01
3.816209999999999880e+00 1.053511720973155263e+01
3.999820000000000153e+00 9.660358205031501555e+00
4.192269999999999719e+00 8.881908128734806951e+00
4.393970000000000375e+00 8.146037178858728467e+00
4.605380000000000251e+00 7.470828454256619011e+00
4.826959999999999695e+00 6.830877508614767279e+00
5.059199999999999697e+00 6.295511163477558902e+00
5.302609999999999602e+00 5.743920138570873135e+00
5.557739999999999903e+00 5.252904951628892150e+00
5.825140000000000207e+00 4.810116440260980397e+00
6.105400000000000382e+00 4.399106428015167936e+00
6.399149999999999672e+00 4.035482452133535958e+00
6.707040000000000113e+00 3.689960183319894949e+00
7.029729999999999812e+00 3.382801531741765011e+00
7.367950000000000443e+00 3.096135309298575500e+00
7.722450000000000259e+00 2.852286769707963021e+00
8.093999999999999417e+00 2.639502438851861310e+00
8.483430000000000248e+00 2.448747098817820156e+00
8.891590000000000771e+00 2.283311319526410976e+00
9.319399999999999906e+00 2.137266874758577018e+00
9.767780000000000129e+00 1.996479272350024869e+00
1.023770000000000024e+01 1.861919138136999941e+00
1.073029999999999973e+01 1.730618071230851651e+00
1.124660000000000082e+01 1.600831031111409342e+00
1.178769999999999918e+01 1.479156321295947540e+00
1.235479999999999912e+01 1.360789819007733659e+00
1.294929999999999914e+01 1.247085528068320626e+00
1.357230000000000025e+01 1.145041424465047974e+00
1.422530000000000072e+01 1.052969446680700916e+00
1.490970000000000084e+01 9.731303966505417957e-01
1.562710000000000043e+01 9.143015808244495668e-01
1.637890000000000157e+01 8.654673472904533815e-01
1.716700000000000159e+01 8.224174845937470835e-01
1.799289999999999878e+01 7.816324926169785359e-01
1.885859999999999914e+01 7.380496357923495010e-01
1.976599999999999824e+01 6.878270121965419648e-01
2.071699999999999875e+01 6.376079880835495706e-01
2.171369999999999933e+01 5.885763897461852023e-01
2.275850000000000151e+01 5.419843309815162158e-01
2.385340000000000060e+01 4.983359909206007132e-01
2.500110000000000099e+01 4.575683703648958933e-01
2.620400000000000063e+01 4.196069272322254240e-01
2.746470000000000056e+01 3.916451330338319159e-01
2.878620000000000090e+01 3.513399762787780545e-01
3.017109999999999914e+01 3.207966791827166486e-01
3.162280000000000157e+01 2.928297820103913929e-01
